1.0 0.0 0.0 0.0 0.0 1.0 0.0 0.0 0.0 0.0 1.0 0.0
0.9987714372446089 -0.026149849440155026 -0.04209277275964543 0.5736501277660278 0.025156088879345728 0.9993961725903401 -0.023967924484051988 -0.08985158110019245 0.042694113606355506 0.02287958885198694 0.9988261796115133 0.7669150066256775
0.9987064596357248 -0.028231913941763602 -0.04228908271718575 0.549824884352857 0.02721623579678298 0.9993316421153232 -0.024403802493578784 -0.11076804032653517 0.042949784527166426 0.02322128554315078 0.9988073327257829 1.7297153946947557
0.9985664529108921 -0.03016098824744295 -0.04421938385930265 0.5333851759625936 0.029285123077309638 0.9993644729436437 -0.0203231834223796 -0.13065978494736163 0.04480424854079764 0.018999079083220394 0.998815105165457 2.6931205443552195
0.9946439818326445 -0.07084958284202238 -0.07525746484710878 1.1421348616091849 0.06721288230168801 0.9964947042589849 -0.04980695570397795 -0.18129248845894186 0.0785224672103583 0.04448191761727455 0.9959194651919842 3.434834318654528
0.9959097278032171 -0.06558122106415483 -0.06215237333084432 0.5950147250809954 0.06192343326288806 0.9963321558101258 -0.05905695311887173 -0.21473870109023313 0.06579743520729985 0.05496670576342016 0.9963179004603193 4.221331778616745
0.9907294229512911 -0.09401107853780952 -0.09806695473379448 1.1096159469735443 0.08529555703310678 0.9923210077159803 -0.08957502774743786 -0.2228583377613314 0.10573494431366717 0.0803799400205055 0.9911403466680618 4.999240234737139
0.9833622726484096 -0.1306085270041287 -0.12625392431749358 1.4923290433328225 0.11491115069006329 0.985540939630943 -0.12451700188506076 -0.18296011572515974 0.1406913934071346 0.10793733823460042 0.9841521543115109 5.854178935065029
0.9755226040282611 -0.14962985165384274 -0.1611414177794461 1.8383156795989513 0.126990723454215 0.98158764063022 -0.14268517764145638 -0.24304795123566514 0.17952438604962825 0.11872915082677875 0.9765625343814168 6.715305726626669
0.975487941221289 -0.1490692753213549 -0.16186916842628776 1.6743248893198237 0.12661236808400111 0.9818519603484478 -0.14119502897791067 -0.3704746407735197 0.17997940098803833 0.11723940939410196 0.9766587613413957 7.621281385112825
0.9754229477972544 -0.14777453364981544 -0.1634403870378908 1.5327667035721704 0.1256368206272243 0.9823744582067753 -0.13840452725842808 -0.49764161851346245 0.1810123261360908 0.11446882137737772 0.9767965124422155 8.532116314006476
0.9695369049791227 -0.16345986015332284 -0.18242550260904272 1.6383672594529373 0.1370814937657863 0.979298513625214 -0.1489398713521314 -0.5349466954521684 0.20299471409484096 0.11939554150011218 0.971873371751407 9.448461066577721
0.9592049130248061 -0.19588708158229826 -0.20384843903804434 1.8614682408804937 0.16225265322793403 0.9719114476453321 -0.17047643372751545 -0.566660719272912 0.23151676256714715 0.1304468826960848 0.9640454343262568 10.372117011048436
0.94779171741608 -0.21985958883471235 -0.23098186421213282 2.094910250047998 0.17850454546803834 0.9660008826862406 -0.18702519054034525 -0.6802408142926564 0.2642479662073667 0.1360296138597559 0.9548135715983701 11.217308468380802
0.9351662144964502 -0.24097521529826857 -0.25960565647985334 2.3593260386503614 0.18858498909921323 0.9591292359862604 -0.21096637306182447 -0.7087743142575123 0.29983304212650047 0.1483308945849244 0.9423895651803471 12.0877173567446
0.9171379932053296 -0.274587047251972 -0.28889419326242505 2.6411963360950446 0.20827851182951101 0.9481670040788311 -0.23999873725971435 -0.7945243007601445 0.33982048632975037 0.15994150761330192 0.9267905649136676 12.947203569960397
0.9171559941647462 -0.2750278148011297 -0.2884173771696058 2.359658383001715 0.20806518568335805 0.9476908076669412 -0.24205580259545476 -1.0039714280939165 0.33990257556280523 0.1619933151376781 0.9264040182212485 13.780768337918634
0.9166967248883356 -0.27508080615564545 -0.2898235060580188 2.096126162374084 0.2074127771986686 0.9475190644061123 -0.24328494084447708 -1.2199193690603327 0.34153631495601955 0.16290541019783514 0.9256428970691328 14.614831780927343
0.915364619760697 -0.2748818745012471 -0.2941896802422518 1.8845062326788315 0.20549088831858736 0.9473017630033531 -0.2457495974132549 -1.420432251290242 0.346238512745759 0.1644971880653863 0.9236122386641408 15.463216450556674
0.9155485426002411 -0.2718580889440333 -0.29641869984580255 1.6383536895844244 0.2017617261544467 0.9479742968567847 -0.2462456869836764 -1.6342110251764477 0.3479411904356187 0.16564393129415342 0.9227670432041135 16.29344449873283
0.9133675398366361 -0.27309860442667727 -0.3019551116192214 1.4235382829019767 0.2015616064412613 0.947704764721543 -0.24744413052829353 -1.8335771926845976 0.3537409447344097 0.16514487937652136 0.9206489628702799 17.136143546396625
0.9122132193618266 -0.27092744270634644 -0.30735218107268325 1.2084277927469584 0.19800927856638392 0.9482578677821268 -0.24819214691628513 -2.033212416479903 0.3586911875459942 0.1655455737188203 0.9186595098288332 17.973866353069553
0.9139566949270793 -0.26598602966729296 -0.30648750679237213 0.9047154531727184 0.19351797830050038 0.9495072582546316 -0.24695497281136103 -2.2650013330255936 0.3566986849884091 0.1663953080576558 0.9192815942810655 18.767594042700004
0.9137951587877394 -0.2656479424363231 -0.30726141712789695 0.6255720959524406 0.19287340248131832 0.9495395422927643 -0.2473348099999836 -2.4823924674665885 0.35746084875322176 0.16675079700497938 0.918921059344507 19.567136551619516
0.9025340703426646 -0.27274277646564726 -0.3332320959279242 0.8742679701610486 0.18921981740274363 0.9463209995081935 -0.26205424360595186 -2.531069741821631 0.3868179320724135 0.17345876678803063 0.9056952818976135 20.398597928333075
0.8887846060359974 -0.28160047943102046 -0.36161180021904876 0.9859873795916388 0.1871755316356027 0.9432054063501297 -0.2744610751797375 -2.6683201779436545 0.4183625753223748 0.17625189762412946 0.8910151649402631 21.24347870109981
0.8764243074517676 -0.2788442001856699 -0.39258928325988235 1.1054633028158332 0.17592209490300592 0.9443344126848008 -0.2779998804751383 -2.8367136438200222 0.4482542245563674 0.17458072356954707 0.876692489488363 22.07533152100783
0.873195603014925 -0.2898160183495729 -0.39183684663824836 0.8904705896125553 0.18534240666877222 0.9410422296371094 -0.2829977284888459 -2.735518975237066 0.4507522946870394 0.1744883880022343 0.8754291355025545 21.25098829036571
0.8662180041826528 -0.28428119010829184 -0.410914314888688 1.1875179101661397 0.17329904586468498 0.9422583750728808 -0.28655993318572226 -2.7593499606106455 0.4686510534845881 0.1770123147004979 0.8654668280830624 22.02237212843568
0.8573146484147421 -0.2832577582716057 -0.4298565295449828 1.3440023721627306 0.16506158284849617 0.9421749347558227 -0.2916523035832424 -2.8904485963512263 0.4876128253861445 0.1790849929413585 0.8544953468697968 22.820979603227258
0.8340399571121889 -0.31875854581860247 -0.45030027693519464 1.4797253721569301 0.17760469166465873 0.9278783097498897 -0.32786951031529304 -2.9712878226939137 0.5223350681688927 0.1934808304801735 0.8305005989147148 23.619981692543533
0.8327310649771519 -0.3204216430651345 -0.4515406339162217 1.1350719524506951 0.17798336844938592 0.9271594344445603 -0.32969274131508375 -3.2315136022729045 0.5242908486493268 0.19417866457436403 0.82910418660545 24.289740372376272
0.8325555975888159 -0.32026757718330295 -0.451973291167379 0.7634332902687722 0.17698465941225536 0.9269488344648694 -0.3308206290680032 -3.4893359976729097 0.5249072368107156 0.1954342275277225 0.8284188888807291 24.941034864412632
0.7997685344128007 -0.36266807190201283 -0.4783744986786851 0.8107080179592635 0.20121806777019918 0.9127356430262101 -0.3555628427611074 -3.7120174551699576 0.5655807462829968 0.1881103813520352 0.802952616199462 25.69281602760827
0.7593824657533985 -0.4107748589618632 -0.5045812976628803 0.8698065672861445 0.219962415853573 0.8919275914026984 -0.39507177487950607 -3.8549509377408477 0.6123355340972395 0.1890216573291108 0.7676692039820311 26.449461921908632
0.7393623473520059 -0.4244602958704835 -0.5226631578250757 0.8757707439898081 0.21574599653347784 0.88468372557117 -0.4132654966111892 -3.979633849949849 0.6378063846481246 0.1927904638177338 0.745677445523889 27.206284465587217
0.7008049845458173 -0.4681737619432055 -0.5382245834813657 0.9138589180738085 0.23263661693011178 0.8632446070708155 -0.4479832059647628 -4.142752734141444 0.6743534519071219 0.18873811748319594 0.7138804836314331 27.948131464376402
0.661609198716355 -0.5087986970466469 -0.5508149907705336 0.9816193459527344 0.24545199924466443 0.8410484147842883 -0.4820693726587851 -4.306990430091382 0.70853834352186 0.18374289067191413 0.681331025190273 28.67127336026753
0.6609348663873025 -0.5074987135360145 -0.5528201860939005 0.5684132455665295 0.2439535370165833 0.8419477072882752 -0.481259524548987 -4.667214027345291 0.7096842778099982 0.183218759823627 0.6802787016201477 29.165636191301136
0.6611628687103402 -0.5065876837059823 -0.5533828509776271 0.15221644357765302 0.24177816491605741 0.842125572981729 -0.48204547326991837 -5.016145129614021 0.7102161502025551 0.18491467775058446 0.6792640001824473 29.650985172058554
0.6774886991761214 -0.5105184806738883 -0.5295091532533475 -0.5057631841493349 0.22714158733183143 0.8299249978245979 -0.5095401822135508 -5.323380870560943 0.6995825625278436 0.2249341656491213 0.6782247852524339 29.4967905363895
0.6786298104043165 -0.5082981080709492 -0.5301835660996109 -0.8754726579310457 0.22316994083956715 0.8304208066380483 -0.5104864948343671 -5.673155590807423 0.6997547841467516 0.2281103181228479 0.6769851732716357 29.963759718883036
0.6767172219180864 -0.5082202938824324 -0.5326968504182535 -1.2415327414672652 0.221934169513201 0.8306910059458927 -0.5105856216572177 -6.018129570074318 0.70199645722892 0.22729845033931637 0.6749343586685974 30.441270501720744
0.6759381298093384 -0.5069764960384842 -0.5348667844747894 -1.6071168397622686 0.2205638928273028 0.8316774931109296 -0.5095724841802058 -6.368298729222635 0.7031779389676001 0.22646717183128318 0.6739832388361142 30.908101018584325
0.6775673332941102 -0.5046943799955235 -0.5349636358236403 -1.9782132441422442 0.21800585955998766 0.8325207978741291 -0.5092961479380489 -6.7145017586845785 0.7024072565472405 0.2284572255542751 0.6741152290534779 31.35618655424199
0.6794513286158754 -0.5041191053791616 -0.5331133271958608 -2.33848076310523 0.21661582392990072 0.8320249118673505 -0.5106976902780141 -7.057171754984759 0.7010160318175993 0.2315134415619113 0.6745206071802897 31.794989118859768
0.6814007630582648 -0.5045409410597671 -0.5302182936283365 -2.693220403625903 0.21592523595238336 0.8307632913787316 -0.5130386400423312 -7.390791405528819 0.699334893010869 0.23509741064524808 0.6750258624122313 32.23021252925506
0.6835665620381831 -0.5046877728424067 -0.5272826634801072 -3.038619234324571 0.21586652009898588 0.8298880798475659 -0.5144778133479371 -7.710598063991572 0.697236258927815 0.23785715644119373 0.6762289348778676 32.6604418895301
0.6838780881801619 -0.5053584119949162 -0.5262353427251244 -3.3715122567136238 0.21817839115278675 0.8299170100673668 -0.5134549113941983 -8.034908993943965 0.6962104208793708 0.23632738272747353 0.6778203434776449 33.09683228158784
0.6626474702487993 -0.5215321256421148 -0.5374965786831482 -3.1671574162880156 0.21216931176692902 0.8190088867950088 -0.5331122081655497 -8.167430682443104 0.7182496176937488 0.23922517692336803 0.6533672791078289 33.69960380942883
0.6672898746629826 -0.516212834960529 -0.5368878208660356 -3.493098001825026 0.2098741636430823 0.821963427631185 -0.5294610080751087 -8.489956756296044 0.7146167214719932 0.24062508734295715 0.6568276096007344 34.09570898964295
0.6730682402111847 -0.5118887083714163 -0.5338062328793732 -3.824841789815587 0.2080026945283345 0.8236543004154274 -0.5275684528818275 -8.811572231473622 0.7097281332228376 0.24405643537717744 0.6608497811628694 34.477355089010366
0.6773915096376478 -0.5090142717010079 -0.5310792915144845 -4.1303849747872485 0.20699562142389402 0.8246669633344207 -0.5263812423482822 -9.116969887719671 0.7058991113340259 0.2466350964268391 0.6639861247257784 34.87205171712553
0.6799458525958264 -0.5068405971288804 -0.5298926746424983 -4.420269793340603 0.20778404228493585 0.8262101049678464 -0.523643632846569 -9.413861613383496 0.7032065338927604 0.24594607447783934 0.6670915223111984 35.2610779468779
0.687939800718322 -0.5011725365495147 -0.5249427770682882 -4.727754170257238 0.20568103905403654 0.8282681748916015 -0.5212169803789839 -9.705732160075915 0.6960130320340926 0.25059512978160514 0.6728803312391084 35.608785572693385
0.7115487263499516 -0.49063892165964756 -0.5029630787467658 -5.124716747951963 0.19838915536390342 0.82698541245373 -0.5260578586265297 -9.976049910668745 0.6740475896134945 0.27453337892028906 0.6857778581981556 35.82607310008636
0.68557362042995 -0.5273968522191844 -0.501837993021525 -5.0539582144365225 0.20769423484644808 0.8023795837709226 -0.5595088099030684 -10.083362719883343 0.6977477450928252 0.2793556224902148 0.6596275618869976 36.317110171835026
0.7014705846941617 -0.5217872373568101 -0.4854658564105046 -5.414994727499274 0.2064586862183582 0.8007318452187999 -0.5623195914579932 -10.338556248456046 0.6821391571327826 0.294222009686636 0.6694173431590613 36.51270750270095
0.715339717657638 -0.5239681409585683 -0.46232723865452535 -5.804540450519935 0.21664766743762826 0.7953221855640428 -0.5661505182753687 -10.562628616111493 0.6643439444559781 0.3048278340474433 0.6824420232185434 36.62837901027415
0.7312823684784654 -0.5242770772513148 -0.436302239074418 -6.1611095879880216 0.22487159854084038 0.7892228429526695 -0.5714543449230147 -10.792719420906415 0.6439401072477281 0.3197825048849976 0.6950397742915603 36.74296877153415
0.7480498031767651 -0.5228259380259797 -0.40874751435875784 -6.513702712843384 0.23238327538567968 0.7832800051461746 -0.5766025033411064 -11.003947243995684 0.6216264998278538 0.3363413029430992 0.7074284576169604 36.83820382706904
0.7632304059421147 -0.5203326859669068 -0.383057754600928 -6.834164126688727 0.24037646689170275 0.7789606696876888 -0.5791713297845191 -11.220836557024315 0.5997486987148032 0.34996309947503046 0.7196022007996726 36.92951968454298
0.7768043351588199 -0.5170751131547664 -0.3594556331933819 -7.129551493926847 0.2455615803510762 0.7743280593482202 -0.5831942787455134 -11.416187824239959 0.5798918305459637 0.36475935061627013 0.7284751752833106 37.044955747176
0.7810753833048182 -0.5173467101622355 -0.349676460573984 -7.406534492346262 0.253136067327479 0.7742426966533462 -0.5800606676003219 -11.60068630998891 0.5708269238685331 0.36455538421927747 0.7357010227147469 37.190738339443506
0.8005992742652531 -0.5059856865714252 -0.32096617739381866 -7.642098422103437 0.25364820928362736 0.7714788817339967 -0.5835091438578064 -11.773515363709498 0.5428659023858129 0.3857445009631431 0.7459877961491963 37.299119788683505
0.8171317278774979 -0.4942052028375341 -0.29674392459535515 -7.836727319622117 0.2532822960402921 0.7702323078577994 -0.5853121137005489 -11.944189710730793 0.5178260497585049 0.40311711625823765 0.7545546850766666 37.449113918906804
0.82720745631864 -0.4904405826394207 -0.27421863377815664 -8.029404580385457 0.2600895936571945 0.7667980369224837 -0.5868340258054728 -12.088570858935379 0.49807753159732754 0.4141120687351768 0.76185954548446 37.58405123687835
0.8404011725411805 -0.4823328227383694 -0.2471455387027128 -8.215706507213223 0.26412364033574515 0.7626999165421182 -0.5903622107845639 -12.2514607209846 0.4732489533080971 0.4308641147924479 0.7683694051541313 37.68652431003801
0.8441005075601623 -0.48379419045960104 -0.2311655562886134 -8.333651045388047 0.2731088715070938 0.7589488606428022 -0.5911075800842956 -12.397868147162077 0.46141724874651674 0.43582084416251665 0.7727576038789068 37.868466752153935
0.8419443610903824 -0.4926609067188948 -0.22003391515635026 -8.300041432973744 0.28523478491578874 0.75255319953178 -0.5935526929839694 -12.500976141923495 0.45800743476733813 0.4369770164040598 0.7741319505306905 38.10459602222411
0.8414727429108763 -0.4982771729217799 -0.20891022445809648 -8.308221073064775 0.2956825208354448 0.7483032482796975 -0.5938131823111104 -12.618195687134513 0.4522117532864982 0.43790650549989396 0.7770086374233082 38.33436076921207
0.8449116769449615 -0.4976715770805371 -0.19607972747897925 -8.27409324024346 0.30233177519450466 0.746707972599406 -0.5924716882385366 -12.713295376416548 0.441270615234912 0.44130511556365604 0.7813642166797465 38.58159556785884
0.8425809822720325 -0.5061665099124535 -0.18399117521378633 -8.23533853246952 0.31521926765069186 0.7404845598349956 -0.5935650174561603 -12.800094722911266 0.4366853576836117 0.4421290319454441 0.7834716443469568 38.80402535979781
0.8386609103666995 -0.5170507294645745 -0.17119118138226977 -8.165848428527115 0.329403198817474 0.7318232873876215 -0.5965971912823492 -12.870823217180034 0.43375270607999683 0.44395182080640516 0.7840697486645951 39.035560127328
0.8385629112060929 -0.5218159316271567 -0.15658983827072553 -8.076477773440528 0.3418233996266299 0.7277437742886544 -0.5945971429899364 -12.91609929156529 0.42422754203052576 0.4450810403557792 0.7886278337077379 39.2710080581093
0.8343128490595809 -0.5335047673889445 -0.13890548249568974 -7.986600156792476 0.3583856695987634 0.7163325386110517 -0.5986880706622524 -12.954617452591663 0.4189054567803303 0.44971141557704675 0.78884590445749 39.48969496396425
0.8320179933601652 -0.5412380676057987 -0.12168571362025857 -7.866063580408389 0.37095510161834155 0.7059104245190486 -0.6033927287750988 -12.97767893972237 0.41247832828920333 0.45689367114206486 0.7881051972687872 39.70661412555592
0.8309268030862844 -0.5466460530602453 -0.10362789482793228 -7.769883854365435 0.38407853396641906 0.6983199567129433 -0.6040140046411473 -13.008598923068035 0.40254729866069006 0.4620901759722707 0.7902077838207493 39.93519238981382
0.8322088627059733 -0.5491065098105276 -0.07687944925230582 -7.961142841796283 0.3999516322786527 0.6905322753538589 -0.6026639764680318 -13.069425244931924 0.3840144537270406 0.4707942412331731 0.7942831244275596 39.77736396832899
0.8325745082243792 -0.5508877799811457 -0.057812992677978535 -7.852765728162169 0.41279358263951915 0.686667978104383 -0.5984050016315586 -13.116424861361823 0.3693523336687736 0.4743519175817449 0.7991051945144366 40.00649027348387
0.8296004194033416 -0.557305861719518 -0.03425376795144954 -7.707429894362466 0.42922725495404995 0.6757751191027354 -0.5992428155650198 -13.119298702745807 0.3571093778248012 0.48242944032754215 0.7998341874256448 40.22697537963547
0.8364976051789379 -0.5479006387464533 0.00875480388913838 -7.884750849074298 0.44564111686151064 0.6709040659763421 -0.592698683328076 -13.302598506564582 0.3188663536535855 0.4996925297797004 0.8053766970741287 40.254630827911974
0.8345017436716258 -0.5498448722059484 0.03574152092241653 -7.848968684744608 0.4661213207365109 0.6698666778378134 -0.5779355918070623 -13.437812763872653 0.2938328677392527 0.49894814403037113 0.8152993287160107 40.47541149571776
0.830768599286574 -0.552735638373152 0.06562658387921054 -7.804617191015774 0.48872155398993117 0.6679126468030523 -0.5612877505399577 -13.569059822985306 0.266410917766327 0.49837336436928725 0.8250146741617048 40.70418768549412
0.8257215540136258 -0.5555741780641671 0.09757688202466357 -7.740482753808045 0.5115344799028148 0.6646127923702394 -0.5446304362486438 -13.684289294612931 0.23773176293437498 0.49962702977936996 0.8329804559567782 40.93681776453174
0.8277451682477046 -0.540936950760707 0.14908102409191612 -7.868912731056051 0.5287575495157674 0.663084359924566 -0.5298439255606384 -13.89344172997155 0.18775886203496672 0.517403466286354 0.8348893715949454 41.05593363395483
0.819219514315848 -0.5440135039095906 0.18146265436205616 -7.685540412138997 0.5500002930006116 0.6556938598404981 -0.517267087554108 -13.903940688636096 0.1624163325018591 0.5235598053054447 0.8363647919449818 41.27775154966221
0.8112825590551384 -0.5444824862108295 0.2129775377419572 -7.485501810005856 0.5684464212690574 0.6494150960171869 -0.5051026620513773 -13.884172916329504 0.1367087251032438 0.5308472993947108 0.8363682617160876 41.50161809354139
0.8044338700115017 -0.5358775448212191 0.25636186482140416 -7.255654997198926 0.5845040855101312 0.6369939110027601 -0.5025870385986607 -13.700485850262657 0.10602416139866909 0.5541425938346426 0.8256420912828544 41.577857323146596
0.7927586206573292 -0.5325915785828356 0.29644557644893194 -6.990897423118148 0.604132806590977 0.6219340969444023 -0.49821835680598825 -13.579254049837656 0.08097728924831733 0.5740593954292443 0.8147996619693744 41.72600966252107
0.7773957057364301 -0.5348878317703446 0.33098477929745435 -6.772125871197378 0.6269010184472424 0.6157771573249063 -0.47729823547407685 -13.605348093117565 0.051488151766941305 0.5785442938452273 0.8140242442868355 41.98861241566562
0.7541252964554152 -0.545115744521198 0.36625655259822953 -6.534195900025896 0.656170551573667 0.602397510542259 -0.45448591456721515 -13.627286604294538 0.02711539218874086 0.5830660891936562 0.8119720999756508 42.25761656515114
0.7339406648809687 -0.5478987908815012 0.4014199987353367 -6.299768220651957 0.679148560172998 0.6001666429443608 -0.42256033168275314 -13.702866549564165 -0.009398598248250968 0.5827580249533079 0.8125913799096622 42.55901293826937
0.7152728051309548 -0.5486148163506855 0.43290483656411805 -5.983941026678173 0.697240710517321 0.6021756604430608 -0.3888957001141353 -13.735246798602558 -0.04733081276930642 0.5800053941563493 0.8132364581793762 42.8013938296224
0.6865652101739675 -0.5545417728606016 0.47022508900674764 -5.656863877477393 0.722385105699436 0.5935636028759912 -0.35474217173108313 -13.74085762004514 -0.0823891451733551 0.5832372343167818 0.808112836962832 43.04837852664546
0.65246261051439 -0.5642391177690121 0.5058920436812593 -5.327534190581087 0.7495730291599464 0.5787290116312332 -0.3212678089263167 -13.731210451027367 -0.11150253735559279 0.5888182648963751 0.8005374663859827 43.32151756504513
0.617104187955137 -0.5690558820694132 0.5434683286912312 -4.974064713490451 0.7738055222511686 0.5642468513838892 -0.28783763554643443 -13.606681118042768 -0.14285459370224277 0.5981646042566917 0.7885376790443203 43.55094246446617
0.5852027196983615 -0.573243803989243 0.5735235985080211 -4.619643510284417 0.7933726446725471 0.5509703774455379 -0.2588271428247212 -13.505699427706743 -0.167623457615379 0.6064842820432028 0.7772253161674592 43.822424559891964
0.5535119431771875 -0.5750974739225894 0.6024013813464216 -4.2692478026220675 0.8096403977954182 0.5411028512074008 -0.2273546363567223 -13.402117897790902 -0.19521002796448733 0.6135720005859737 0.7651290381883505 44.10774532436794
0.5194897367612948 -0.547243085939565 0.6562434139029731 -4.217571851860421 0.8102765926122957 0.559303027777231 -0.17501990339338405 -13.772957369944347 -0.27126049632096116 0.6226597208833732 0.733970445675537 44.39888169592003
0.47307718241881064 -0.542251409031114 0.6943784190759803 -3.847241095062462 0.8320171841085158 0.534166850708498 -0.14971032346602237 -13.473187703955016 -0.2897332994718094 0.64855931494963 0.7038646390956483 44.51134635791585
0.42918435724651355 -0.541079142337344 0.7232109991021902 -3.4770667835051086 0.8494839299004422 0.5138649113457922 -0.11966580851889795 -13.146445174977245 -0.30688408289744057 0.6657148147781168 0.6801808179073683 44.62563820834759
0.37439998474115455 -0.542781780248635 0.751806218686673 -3.2357103127694433 0.8587671584220353 0.5088022008646926 -0.06032651167594575 -13.403961963005255 -0.34977652728788344 0.6682127351565261 0.6566187033073805 45.0164502539274
0.3233940114775188 -0.5400680144924784 0.7770089144035858 -2.9974235905632978 0.8594932162719597 0.5111412791222296 -0.0024502978948106363 -13.661981454492745 -0.3958380028786599 0.668626302578235 0.6294848234688393 45.39448887574977
0.26638778597357793 -0.5402417895848971 0.7982332718386346 -2.7469873715539164 0.8606367466635394 0.506198943117205 0.05538068507542569 -13.926060199819887 -0.4339837989792926 0.6722361480708479 0.5997971519191913 45.78548657242545
0.20937525369318805 -0.543401966229187 0.812942990768218 -2.460503378452064 0.856768999661002 0.502640858926732 0.11532149911132572 -14.197853729405573 -0.471284292503797 0.6723588848491922 0.570810516374348 46.173231919122316
0.13955445566355534 -0.5608403683094058 0.8160775913962026 -2.3686747021825445 0.8515089860002347 0.4886300919215915 0.19019221863564695 -14.605264452882512 -0.505427542448278 0.6683552308041484 0.54575111982609 46.55644945908157
0.12015145041639219 -0.5633745882311316 0.8174183153675044 -2.776922201565293 0.8436045291626082 0.49200227193123836 0.2150933815598115 -15.012718881750308 -0.5233498135465193 0.6637340112951137 0.5343801408275995 46.51339652390857
0.1064188672983941 -0.5341624218778481 0.8386569809740613 -2.4460784170212935 0.8174255317668864 0.527216743321034 0.23207327631070981 -15.290607392994362 -0.5661188255998518 0.6608426534475159 0.49274381039835946 46.905263912164315
0.10070611769829822 -0.514024816146364 0.8518431582420798 -2.0198182615411486 0.7919527624195917 0.5596689006548435 0.2440933094858959 -15.50047117486703 -0.6022201424347408 0.6500378527635859 0.4634454552807589 47.28162146132843
0.09671187886325668 -0.5172652882629266 0.8503431272404205 -1.5195570065044792 0.7760429622579903 0.5741436661282195 0.2609911327510795 -15.168634940207047 -0.6232207740573058 0.634661856584368 0.45694659926549264 47.325041700982034
0.08761333665242568 -0.5150132601374652 0.8526929371838469 -0.9916357633685553 0.7757469053135652 0.5722716251602502 0.2659359432887422 -14.983311280252293 -0.6249325100657355 0.638174371875762 0.44965856929888387 47.59323144190359
0.07989696800833411 -0.5135806474725436 0.8543134044627685 -0.45454706960079017 0.7773151018988257 0.5686322898978933 0.2691441086955037 -14.787867236028358 -0.6240173930773877 0.6425669128014287 0.4446459891978623 47.86224131509345
0.07553477931236745 -0.5132926111406646 0.8548831455015579 0.0837977283882223 0.7818156430293072 0.5626242637033259 0.2687345124969287 -14.551982229578364 -0.618917439913361 0.6480622140201407 0.443797892435744 48.11570409920339
0.07301184803396699 -0.5149789958867463 0.8540877612061597 0.6329109618830249 0.7820971111364284 0.5609615188436128 0.27137848685686317 -14.353009141139415 -0.6188645884187618 0.6481657258542319 0.44372042214567525 48.41216638301324
0.07123358440565586 -0.5060094355552968 0.8595814258008017 1.1173575926547596 0.7978476417775049 0.5461056567556085 0.25535808616450784 -13.910618049809983 -0.5986358801164543 0.6676249417064448 0.44261949826986596 48.50791715125627
0.06700420639364278 -0.5078100197929356 0.85885937156409 1.6822790899524902 0.8100404669652218 0.5302566383669179 0.2503244681340241 -13.638720046010123 -0.5825331563132946 0.6789380540709977 0.4468760908014236 48.777194953427
0.05777759486784953 -0.48883469604172863 0.8704610212278805 2.1532609630521296 0.8265958327118811 0.5123600515310706 0.23286585610267502 -13.138665300855584 -0.559822363678555 0.7060650235926352 0.43367165411690395 48.74246138056018
0.03981442555021838 -0.45862069294372415 0.8877397543885995 2.564688834981047 0.806120754352586 0.5397056322717146 0.24266676718538738 -13.36240442788959 -0.590410146356013 0.7059638025408994 0.39119172867261576 49.252093126631145
0.0401762463827515 -0.45192936051014015 0.8911485411173018 3.1817288262335044 0.8060966741708726 0.541661065290254 0.238351509832192 -13.195811830690609 -0.5904185135285437 0.7087758062021599 0.38606066288243784 49.53221553545827
0.041732909339904256 -0.44490378577860606 0.8946054916430476 3.8057440262954536 0.8061567770550344 0.5439369637611183 0.23290304906242862 -13.038298297719557 -0.590228443135598 0.7114725580471806 0.3813622740381298 49.81761355567106
0.04253427082534193 -0.4439819928378431 0.8950256006624063 4.441390647669849 0.807355576403132 0.542978408826305 0.2309792648685632 -12.86836395878393 -0.5885302108270472 0.7127793751113951 0.3815465284335387 50.114498534230414
0.043267724833019904 -0.4475162464034587 0.8932284775983916 5.095557408349503 0.8066813346243669 0.54310597203201 0.2330260232502299 -12.707681107015166 -0.5894006518120161 0.7104682345806346 0.3845019626678795 50.41835091124987
0.055481019032833645 -0.4206982026694688 0.9055025559311053 5.635559109941019 0.834364540960237 0.5176582084543798 0.1893826602622746 -12.206272098004591 -0.548413775643261 0.7450120814392746 0.37973586766886774 50.36170638454507
0.058356799007208755 -0.4213065698457673 0.9050388158606418 6.296597472986761 0.83273131337351 0.5205547341492887 0.18863013672792187 -12.084827867666291 -0.5505933560595037 0.7426463108099015 0.381213081233555 50.662911497506975
0.05747972579415511 -0.4171505730193558 0.9070179053096243 6.957547405176191 0.8387780957697766 0.5128940239948656 0.18273211597084932 -11.933772549088902 -0.5414308701759276 0.7502833595249047 0.3793777711471318 50.92750415070052
0.05953531944484842 -0.41237220393183593 0.9090680453975967 7.616726489042052 0.8422942950408374 0.5094906791910772 0.17595331300966388 -11.783443258056682 -0.5357199513554309 0.7552273917449074 0.37767144514501516 51.20437185685203
0.06415652633335059 -0.4114084950626424 0.9091902937884545 8.281578535129539 0.8393550018589462 0.5150410006707643 0.1738273525151595 -11.66854793117283 -0.539784328211938 0.7519812616138453 0.3783610196603789 51.503320218257564
0.07517703362769246 -0.39469189932445864 0.9157328858475046 8.858771808441938 0.8564889197348432 0.4958453597833316 0.14340191614055708 -11.239329519086859 -0.5106614768967688 0.7735345394932222 0.37532542176706524 51.63391883291308
0.08414268070052111 -0.3817276892463702 0.9204368422369692 9.466216452034757 0.8738613791178309 0.47215148583351946 0.11592784183053528 -10.810412121855894 -0.4788384898593879 0.7945797289686092 0.37330517668706187 51.618431283672976
0.08547347202153702 -0.381152895817319 0.9205524187088218 10.148458745649492 0.876999093193468 0.4672483669571803 0.11203371864615443 -10.708963713044596 -0.4728285906313452 0.7977477255285169 0.37420808422007623 51.88786904192589
0.08827395874758716 -0.3769709727621333 0.9220089988182365 10.816945009838246 0.877724642684473 0.46708054028224283 0.1069355904928978 -10.62538200892857 -0.4709640748841132 0.7998303911357837 0.372107760714737 52.15630606661939
0.09306778134030129 -0.37585327358006054 0.9219938746084771 11.490903610671737 0.878728718297617 0.4664188078241875 0.10143636106886542 -10.529576852525121 -0.46816047218387197 0.8007420386410453 0.37368162898055557 52.43374243629224
0.09615402357520474 -0.37624609885430804 0.9215168348148718 12.170192921531074 0.8788389028356035 0.46676148018210983 0.09887316866026351 -10.459061544813247 -0.46732920582071086 0.8003577910629232 0.3755407030827241 52.71614777662309
0.09802393846307812 -0.3793811237502283 0.9200332985442469 12.852359925138924 0.8792764237217696 0.46601913773412085 0.09848418123030671 -10.402622847189322 -0.46611616382104404 0.7993097811284195 0.37926190899851303 53.00151104689438
0.09914530866830638 -0.37906577063083713 0.920043123611672 13.528285689280931 0.8810690771177044 0.46316697947388624 0.09588342125725052 -10.339059930384165 -0.46247971751853856 0.8011151544323 0.37990396184152864 53.28638656451968
0.0919847685634332 -0.3569302392452385 0.9295910964852637 14.037443689607057 0.8666308603793662 0.4884554621789564 0.10179495717207164 -10.724078518867552 -0.49039754708853905 0.7962487461716223 0.35425722297459006 53.65442643849045
0.0945376038489559 -0.35686442232526466 0.9293602237759907 14.720219208965004 0.8704350170535147 0.48267285703134444 0.09679769714331782 -10.601392660488822 -0.4831206086947133 0.7997966598852841 0.35625802487915714 53.9000648483484
0.09947789288996807 -0.3573476970549382 0.9286585875528801 15.402929105316568 0.8750712835806789 0.47568351531875575 0.08930532966434192 -10.455214086353417 -0.47366063534838915 0.8037585561992643 0.36002470173286677 54.14850883828448
0.10283408457887833 -0.3587559606744757 0.9277495953808682 16.094331820333444 0.875732120648816 0.47496722164324434 0.0865990255628063 -10.393768606220759 -0.4717185643079532 0.8035547890747922 0.3630169376795179 54.41233549965278
0.10641886133813051 -0.35778786981487504 0.9277191741927274 16.77644476680708 0.8756040853950311 0.4758326691363249 0.08307079283439543 -10.322453758117328 -0.47116081287712364 0.8034743998385621 0.363918091351661 54.6906648695711
0.11062710988638544 -0.35598998021434447 0.9279185182682705 17.463698450892224 0.8745405969524417 0.47842768797865903 0.07928235401062271 -10.26891729596314 -0.4721656349632599 0.8027316372003713 0.36425476221644476 54.97091898484583
0.11254537606448234 -0.3559379662224412 0.9277077678493065 18.151862920823966 0.8758279788602086 0.47651010547351436 0.07657330361990469 -10.204764345202975 -0.4693174722638741 0.8038944480359692 0.36536943857525633 55.249765869284005
0.11605686459739316 -0.3559058879374762 0.9272873357871684 18.84390717332024 0.8751984193107514 0.4780777413770735 0.07395539220207052 -10.145915901498071 -0.46963659463013596 0.8029773795887624 0.36697247424429474 55.53181987639088
0.11901969201015809 -0.3553171863292752 0.9271375356509195 19.53281223204606 0.8749182696095207 0.47899956077767764 0.0712561736151892 -10.08830800968074 -0.4694170154748288 0.8026886805442328 0.3678838780224929 55.81297571555971
0.12330904968081333 -0.35508833903575765 0.9266645292378722 20.233605384904106 0.8739680814315339 0.48118970387526194 0.06809009857039104 -10.032459798361225 -0.47007943042182226 0.8014790954012883 0.3696709195068412 56.09631885649162
0.12688377869001993 -0.3530666313251805 0.9269544004696438 20.93050087296455 0.8737254892616876 0.4821825853856985 0.06406031349589893 -9.983866904192537 -0.4695788284407355 0.8017754724331843 0.36966446364882916 56.38474284893379
0.13033664759199468 -0.3495662000744081 0.9278016113695996 21.628796269887264 0.8734203878379482 0.4833298451828205 0.059406118073510275 -9.940417579286708 -0.46920058013976873 0.8026180489629506 0.36831383774631327 56.67341745768452
0.1335397872489662 -0.34818737046912773 0.9278645807806772 22.337629591354602 0.8738911769721799 0.4829478943590104 0.05545757066786711 -9.90006216207204 -0.4674198712417845 0.8034468783808899 0.3687706300511522 56.95607676555062
0.13908937334509255 -0.346277366849588 0.9277640494383212 23.04797636193963 0.8724149775188507 0.486134165755651 0.050652540763970494 -9.85496637963169 -0.4685576306317719 0.8023500221803308 0.3697136576919621 57.24393021587134
0.15683755308148759 -0.33130882225092556 0.9303958545920775 23.70725758049033 0.8860656980607291 0.4632966924103066 0.01561260778434445 -9.466202968449872 -0.43622191676206734 0.8219432091698171 0.36622370244982294 57.370573906393254
0.1604338932192064 -0.3311247664054438 0.929848027894599 24.432782312456112 0.8880964856683767 0.4595390824141814 0.010414599244163623 -9.436237905986074 -0.4307500412652508 0.8241239110758017 0.36779638544052506 57.65450626999656
0.18766455035576507 -0.29636272136316466 0.9364567015756755 25.042139997307824 0.907196365029523 0.4177749728744712 -0.049586563875312184 -8.964569954696016 -0.37653256408575975 0.8588557558903347 0.3472607359852997 57.78130791766903
0.20253855976840376 -0.2772906697470604 0.939195408995473 25.723741277366177 0.9152350971161622 0.39472919880628865 -0.08083054259696561 -8.577983121432833 -0.34831429602259817 0.8759559030459104 0.3337340364801182 57.86766652509272
0.20687909074536934 -0.27919715741489354 0.9376833096007517 26.466884724341515 0.915466675766683 0.39334440811112564 -0.08485836534138964 -8.636504255962613 -0.3451402720243999 0.8759732438260635 0.33697042708192504 58.144454465859965
0.21165924122325402 -0.279101014336026 0.9366445373787246 27.227480379666066 0.9153162435217002 0.3925834595438103 -0.08985767434083063 -8.701714905784463 -0.3426317847925507 0.8763451666376781 0.33855960916899036 58.42144840191563
0.21749256861760535 -0.2754333409690296 0.9363938579885933 27.95695851297945 0.9137728357468685 0.3946838187048441 -0.09614513978196472 -8.781722673799601 -0.3430979266146199 0.8765621244014624 0.33752430255842625 58.68949367834353
0.22351209806798986 -0.26712102061186876 0.937383967413848 28.69704369096202 0.9122734076791644 0.39597757885101537 -0.1046851789354082 -8.875165814712158 -0.3432194220301336 0.8785488702369187 0.33219318317319924 58.96783129589039
0.2309909968877851 -0.2614550762583444 0.9371682892925571 29.449053978706136 0.9102931722854488 0.398161513552685 -0.1132861404406303 -8.957137805459388 -0.343525108030388 0.8792659735393964 0.3299724957152267 59.25682169822003
0.2389871729188561 -0.25771683496060754 0.9361982504566795 30.212251682740806 0.9084395093374437 0.39987049198584734 -0.12182465889033314 -9.050550964202085 -0.3429617894970312 0.8795940101074401 0.32968407351298346 59.550183565568645
0.24684842792355086 -0.25872393246837266 0.9338778187749079 30.955889101658453 0.9064372040943373 0.40244474891129484 -0.12810081618542016 -9.155330319694057 -0.34269147737479716 0.878123084107137 0.33385985157376546 59.82921620644564
0.25480349183359163 -0.2613266189420997 0.9310121260121733 31.728672752170027 0.9066930473200151 0.39923458792820704 -0.13608622907313137 -9.241421989171116 -0.33612928835637434 0.8788174679841596 0.33866939553930137 60.097408792248025
0.26189702036384976 -0.2642865948047323 0.9282039358519568 32.490377997363936 0.9054015687205419 0.4002855060006174 -0.14149032844762283 -9.361552291661223 -0.33415258503104145 0.8774531950436745 0.344119078844413 60.387187457351374
0.2690473207689369 -0.26960307811001033 0.9246230147799 33.24787863603028 0.9037837140061664 0.4024486327758232 -0.14563686440628193 -9.503259574694434 -0.3328491212010092 0.8748424305270535 0.35194059763721725 60.68834967148627
0.27626898461013516 -0.27641036403857344 0.9204742032205767 34.0059309326891 0.9017260237634805 0.40591065432036044 -0.14875052529965474 -9.633584396344494 -0.3325140992652724 0.8711106998317061 0.36138694280304107 60.98087235530743
0.283613611932622 -0.2793278892443825 0.9173544840555462 34.773752008624705 0.9010967053888617 0.4048485586421695 -0.15531378593898365 -9.760422511479238 -0.32800616863693116 0.8706742070692345 0.3665220027235601 61.27979499421157
0.29326234414714664 -0.27881510236352713 0.914472162615869 35.521738503109 0.9006039192744089 0.40153005410058096 -0.166391695230145 -9.840966959153846 -0.32079553939059374 0.8723736323090037 0.36885561885255513 61.54282311789042
0.2991293493207546 -0.2726539100727311 0.9144295914377447 36.25013524425656 0.9018339415346391 0.39391551699526633 -0.1775559274326017 -9.951265316999015 -0.311796687395883 0.8777758317431659 0.3637202426818651 61.85776516835886
0.3053263758490569 -0.2699486838148164 0.9131831756649573 36.98046122808469 0.9021087450568456 0.3890718571999665 -0.18660895484122333 -10.062411915189488 -0.30491903237228396 0.8807671644887884 0.3623169684896593 62.154184562246115
0.31262238432045 -0.2688285962662159 0.9110424966220511 37.70752311318719 0.9029566448086435 0.3818237310534056 -0.19717995841458108 -10.146649684761806 -0.294850033776021 0.8842747447677085 0.362107212505206 62.41262653051516
0.3198670809542167 -0.26974078472710017 0.9082537968963541 38.42145357955572 0.9023382780094792 0.3790428445019937 -0.20521246080764036 -10.262814206420536 -0.2889129324913004 0.8851928779009969 0.36464076342701407 62.708639128040886
0.3230741299339083 -0.2734598951122923 0.9060037485201863 39.13822886089856 0.903191075040665 0.3749809504880223 -0.2088903270570213 -10.422049749410716 -0.28261101983882764 0.8857815602823743 0.36813318096768755 62.999426820495295
